 Constraint  0.0
      21001 1
      21101 1
      21201 1
      21301 1
      21401 1
      21501 1
      21601 1
      21701 1
      21011 1
      21111 1
      21211 1
      21311 1
      21411 1
      21511 1
      21611 1
      21711 1
 Constraint  0.0
      41001 1
      41101 1
      41201 1
      41301 1
      41401 1
      41501 1
      41601 1
      41701 1
      41011 1
      41111 1
      41211 1
      41311 1
      41411 1
      41511 1
      41611 1
      41711 1
 Constraint  0.0
      21002 1
      21102 1
      21202 1
      21302 1
      21402 1
      21502 1
      21602 1
      21702 1
 Constraint  0.0
      41002 1
      41102 1
      41202 1
      41302 1
      41402 1
      41502 1
      41602 1
      41702 1
